6.035156250000000000e-01 1.152343750000000000e-01
5.664062500000000000e-01 1.523437500000000000e-01
6.582031250000000000e-01 1.582031250000000000e-01
5.957031250000000000e-01 1.640625000000000000e-01
4.980468750000000000e-01 1.660156250000000000e-01
5.957031250000000000e-01 1.777343750000000000e-01
4.960937500000000000e-01 1.855468750000000000e-01
3.535156250000000000e-01 2.148437500000000000e-01
4.414062500000000000e-01 2.480468750000000000e-01
1.074218750000000000e-01 2.519531250000000000e-01
4.101562500000000000e-01 2.578125000000000000e-01
5.234375000000000000e-01 2.773437500000000000e-01
8.476562500000000000e-01 2.832031250000000000e-01
4.394531250000000000e-01 2.949218750000000000e-01
7.363281250000000000e-01 2.949218750000000000e-01
2.910156250000000000e-01 3.027343750000000000e-01
3.281250000000000000e-01 3.027343750000000000e-01
2.031250000000000000e-01 3.105468750000000000e-01
2.226562500000000000e-01 3.417968750000000000e-01
7.597656250000000000e-01 3.476562500000000000e-01
7.617187500000000000e-01 3.476562500000000000e-01
7.636718750000000000e-01 3.476562500000000000e-01
7.597656250000000000e-01 3.496093750000000000e-01
7.617187500000000000e-01 3.496093750000000000e-01
7.636718750000000000e-01 3.496093750000000000e-01
7.656250000000000000e-01 3.496093750000000000e-01
7.617187500000000000e-01 3.515625000000000000e-01
7.636718750000000000e-01 3.515625000000000000e-01
7.656250000000000000e-01 3.515625000000000000e-01
6.542968750000000000e-01 3.535156250000000000e-01
2.656250000000000000e-01 3.593750000000000000e-01
5.917968750000000000e-01 3.593750000000000000e-01
2.343750000000000000e-01 3.789062500000000000e-01
2.363281250000000000e-01 3.789062500000000000e-01
2.382812500000000000e-01 3.789062500000000000e-01
2.343750000000000000e-01 3.808593750000000000e-01
2.363281250000000000e-01 3.808593750000000000e-01
2.382812500000000000e-01 3.808593750000000000e-01
2.402343750000000000e-01 3.808593750000000000e-01
2.363281250000000000e-01 3.828125000000000000e-01
2.382812500000000000e-01 3.828125000000000000e-01
2.402343750000000000e-01 3.828125000000000000e-01
6.718750000000000000e-01 3.847656250000000000e-01
1.835937500000000000e-01 4.082031250000000000e-01
3.027343750000000000e-01 4.082031250000000000e-01
3.710937500000000000e-01 4.218750000000000000e-01
2.382812500000000000e-01 4.296875000000000000e-01
2.187500000000000000e-01 4.335937500000000000e-01
1.484375000000000000e-01 4.414062500000000000e-01
2.968750000000000000e-01 4.472656250000000000e-01
3.105468750000000000e-01 4.472656250000000000e-01
1.894531250000000000e-01 4.511718750000000000e-01
1.914062500000000000e-01 4.511718750000000000e-01
1.933593750000000000e-01 4.511718750000000000e-01
1.953125000000000000e-01 4.511718750000000000e-01
1.972656250000000000e-01 4.511718750000000000e-01
1.894531250000000000e-01 4.531250000000000000e-01
1.914062500000000000e-01 4.531250000000000000e-01
1.933593750000000000e-01 4.531250000000000000e-01
1.953125000000000000e-01 4.531250000000000000e-01
1.972656250000000000e-01 4.531250000000000000e-01
1.894531250000000000e-01 4.550781250000000000e-01
1.914062500000000000e-01 4.550781250000000000e-01
1.933593750000000000e-01 4.550781250000000000e-01
1.953125000000000000e-01 4.550781250000000000e-01
1.972656250000000000e-01 4.550781250000000000e-01
9.843750000000000000e-01 4.667968750000000000e-01
1.777343750000000000e-01 4.707031250000000000e-01
2.773437500000000000e-01 4.726562500000000000e-01
1.523437500000000000e-01 4.785156250000000000e-01
2.949218750000000000e-01 4.824218750000000000e-01
1.972656250000000000e-01 4.902343750000000000e-01
2.714843750000000000e-01 4.960937500000000000e-01
2.910156250000000000e-01 5.019531250000000000e-01
1.601562500000000000e-01 5.097656250000000000e-01
2.089843750000000000e-01 5.097656250000000000e-01
4.277343750000000000e-01 5.156250000000000000e-01
2.167968750000000000e-01 5.214843750000000000e-01
1.171875000000000000e-02 5.292968750000000000e-01
3.164062500000000000e-01 5.332031250000000000e-01
3.222656250000000000e-01 5.410156250000000000e-01
2.539062500000000000e-01 5.527343750000000000e-01
3.164062500000000000e-01 5.585937500000000000e-01
3.671875000000000000e-01 5.703125000000000000e-01
1.738281250000000000e-01 5.722656250000000000e-01
3.027343750000000000e-01 5.761718750000000000e-01
2.421875000000000000e-01 5.839843750000000000e-01
2.714843750000000000e-01 5.839843750000000000e-01
3.593750000000000000e-01 5.859375000000000000e-01
1.582031250000000000e-01 5.917968750000000000e-01
3.300781250000000000e-01 5.957031250000000000e-01
2.675781250000000000e-01 5.976562500000000000e-01
3.515625000000000000e-01 5.976562500000000000e-01
2.597656250000000000e-01 6.035156250000000000e-01
3.085937500000000000e-01 6.230468750000000000e-01
1.464843750000000000e-01 6.347656250000000000e-01
1.640625000000000000e-01 6.386718750000000000e-01
1.347656250000000000e-01 6.406250000000000000e-01
3.222656250000000000e-01 6.464843750000000000e-01
6.835937500000000000e-01 6.738281250000000000e-01
3.515625000000000000e-01 6.777343750000000000e-01
5.468750000000000000e-01 6.777343750000000000e-01
3.945312500000000000e-01 6.972656250000000000e-01
3.964843750000000000e-01 6.972656250000000000e-01
4.277343750000000000e-01 6.972656250000000000e-01
3.925781250000000000e-01 6.992187500000000000e-01
3.945312500000000000e-01 6.992187500000000000e-01
3.964843750000000000e-01 6.992187500000000000e-01
3.906250000000000000e-01 7.011718750000000000e-01
3.925781250000000000e-01 7.011718750000000000e-01
3.945312500000000000e-01 7.011718750000000000e-01
3.906250000000000000e-01 7.031250000000000000e-01
3.925781250000000000e-01 7.031250000000000000e-01
4.160156250000000000e-01 7.089843750000000000e-01
3.730468750000000000e-01 7.226562500000000000e-01
5.351562500000000000e-01 7.226562500000000000e-01
6.718750000000000000e-01 7.265625000000000000e-01
3.593750000000000000e-01 7.343750000000000000e-01
1.542968750000000000e-01 7.402343750000000000e-01
6.542968750000000000e-01 7.421875000000000000e-01
4.101562500000000000e-01 7.519531250000000000e-01
6.093750000000000000e-01 7.539062500000000000e-01
3.789062500000000000e-01 7.578125000000000000e-01
3.164062500000000000e-01 7.714843750000000000e-01
4.394531250000000000e-01 7.714843750000000000e-01
5.214843750000000000e-01 7.792968750000000000e-01
5.039062500000000000e-01 7.968750000000000000e-01
4.902343750000000000e-01 7.988281250000000000e-01
4.277343750000000000e-01 8.144531250000000000e-01
5.449218750000000000e-01 8.164062500000000000e-01
5.527343750000000000e-01 8.281250000000000000e-01
7.265625000000000000e-01 8.339843750000000000e-01
5.917968750000000000e-01 8.515625000000000000e-01
2.910156250000000000e-01 8.632812500000000000e-01
5.351562500000000000e-01 9.160156250000000000e-01
6.425781250000000000e-01 9.218750000000000000e-01
6.523437500000000000e-01 9.277343750000000000e-01
